6118
6122
6123
6124
6125
6126
6127
6129
6130
6134
6140
6143
6144
6146
6147
6148
6151
6154
6156
6158
6160
6161
6163
6167
6169
6170
6171
6173
6174
6175
6179
6180
6185
6186
6188
6190
6194
6195
6198
6199
6203
6204
6207
6208
6210
6212
6217
6218
6219
6220
6221
6222
6227
6228
6229
6231
6233
6234
6236
6237
6240
6241
6242
6245
6246
6248
6259
6261
6263
6264
6265
6266
6270
6275
6276
6279
6284
6290
6291
6292
6294
6411
6417
6418
6419
6423
6425
6432
6435
6441
6461
6462
6465
6469
6470
6474
6482
6485
6486
6492
6494
6496
6498
6499
6506
6508
6509
6512
6516
6517
6523
6527
6530
6532
6535
6538
6542
6546
6548
6556
6560
6561
6568
6569
6570
6574
6576
6577
6578
6584
6588
6590
6593
6596
6597
6603
6609
6612
6613
6615
6616
6617
6620
6624
6629
6637
6640
6642
6649
6651
6654
6661
6662
6664
6667
6679
6680
6684
6690
6692
6693
6697
6703
6708
6712
6716
6720
6721
6725
6727
6728
6730
6732
6733
6735
6739
6741
6751
6752
6761
6762
6763
6767
6785
6791
6803
6804
6811
6821
6823
6829
6840
6841
6843
6844
6846
6855
6856
6859
6865
6870
6872
6874
6875
6877
6881
6884
6894
6895
6899
6903
6904
6907
6910
6913
6922
6925
6929
6945
6953
6961
6967
6968
6971
6982
6983
6986
6996
6997
7402
7547
7556
7584
7642
7703
7704
7708
7709
7712
7713
7714
7715
7716
7717
7718
7723
7728
7734
7738
7743
7744
7747
7751
7753
7757
7767
7770
7772
7777
7782
7792
7794
7805
7810
7811
7814
7819
7820
7828
7839
7842
8024
8027
8032
8034
8038
8040
8042
8043
8044
8047
8048
8049
8050
8054
8059
8064
8066
8067
8068
8071
8074
8076
8077
8080
8083
8084
8085
8086
8087
8088
8089
8091
8092
8093
8096
8097
8099
8102
8107
8109
8111
8121
8147
8155
8171
8176
8182
8183
8227
8234
8240
8255
8272
8277
8279
8284
8289
8291
8342
8349
8354
8383
8390
8401
8403
8409
8410
8415
8416
8421
8423
8424
8426
8431
8432
8433
8435
8436
8437
8440
8444
8446
8450
8455
8472
8477
8489
8905
8906
8908
8916
8917
8921
8923
8924
8927
8928
8929
8930
8931
8932
8933
8935
8936
8937
8938
8941
8942
9949
9950
9951
9960
9962
1240
1259
1268
1295
1315
1336
1416
1417
1418
1419
1565
1569
1570
1591
1593
1595
1599
1742
1781
1784
1788
1796
1813
2061
2063
2064
2065
2066
2067
2070
2073
2221
2230
2235
2596
2640
2724
2726
2729
2732
2734
2736
2740
2743
2745
2752
2754
2756
2916
2924
2926
2937
2941
3064
3066
3067
3071
3073
3095
3114
3115
3118
3122
3128
3141
3152
3158
3169
3171
3176
3178
3188
3191
3205
3207
3213
3224
3226
3228
3232
3236
3252
3259
3265
3268
3272
3276
3284
3285
3287
3288
3293
3294
3297
3310
3317
3322
3323
3325
3332
3339
3349
3354
3360
3372
3373
3379
3390
3402
3430
3438
3441
3455
3465
3466
3467
3483
3489
3490
3511
3516
3531
3630
3631
3632
3664
3672
3707
4167
4168
4171
4174
4175
4183
4188
4192
4198
4304
4305
4401
4406
4413
4416
4417
4419
4420
4430
4502
4513
4527
4528
4529
4530
4543
4545
4554
4557
4560
4562
4577
4582
4588
4728
4747
4749
4754
4760
4767
4768
4772
4806
4903
4907
4911
4923
4924
4933
4939
4950
4953
4960
4968
4972
4973
4974
4989
4994
4995
4999
5007
5009
5013
5015
5016
5201
5206
5209
5210
5211
5212
5220
5227
5228
5230
5245
5251
5263
5272
5276
5289
5301
5302
5314
5315
5340
5344
5345
5348
5353
5355
5364
5381
5386
5398
5403
5410
5425
5426
5438
5439
5450
5452
5455
5460
5465
5468
5474
5475
5478
5481
5484
5487
5489
5490
5508
5511
5515
5516
5519
5520
5523
5529
5536
5547
5548
5601
5603
5604
5609
5701
5703
5704
5878
5902
5903
5904
5905
6005
6028
6101
6103
6112
6115
6117
6133
6136
6141
6142
6155
6201
6202
6205
6209
6216
6225
6226
6235
6243
6278
6283
6405
6431
6438
6477
6504
6525
6541
6550
6552
6606
6614
6625
6666
6674
6698
6706
6742
6743
6754
6768
6781
6792
6794
6796
6799
6807
6834
6835
6861
6885
6887
6906
6908
6909
6931
6933
6957
7705
7732
7760
7780
7791
8011
8045
8072
8101
8104
8105
8201
8213
8429
8442
8443
8466
8467
8476
8482
8488
8499
8940
9103
910322
9105
910861
9110
911608
911622
911868
912000
9136
9908
9928
9935
9942
9943
9944
